3 sensors, 3 features

KNN 
Accuracy:  0.7504798464491362
[[ 43   3   0   0   0   1   0   0   0   0   7   3   0]
 [  3  54   0   0   0   0   0   0   0   0   0   0   0]
 [  0   3  48   1   2   0   1   0   0   0   1   1   0]
 [  2   0   2  84   4   5   1   1   0   0   0   0   0]
 [  0   0   1   8  36   7   1   3   0   0   1   0   0]
 [  1   1   2  14  26  32   4   1   1   0   1   2   0]
 [  1   0   6   4   2   6 191   4   5   0   0   0   0]
 [  0   0   1   0   0   2  14  21   1   0   0   0   0]
 [  0   0   0   1   0   1   9   2  24   0   1   0   0]
 [  0   0   0   0   0   0   0   0   0  96   0   0   0]
 [  0   0   1   3   2   7   2   0   0   0  58  27   0]
 [  0   0   1   1   0   0   0   0   0   0  39  59   0]
 [  0   0   0   1   0   0   1   0   0   0   0   0  36]]

SVM
Accuracy:  0.710172744721689
[[ 35   3   0   0   0   0   0   0   0   0  16   3   0]
 [  6  51   0   0   0   0   0   0   0   0   0   0   0]
 [  0   3  48   1   1   0   2   0   0   0   1   1   0]
 [  2   0   2  84   6   3   1   0   0   0   0   1   0]
 [  0   0   5   5  36   6   4   0   0   0   0   1   0]
 [  0   1   3   7  27  35   9   0   1   0   0   2   0]
 [  0   0   3   5   1   8 202   0   0   0   0   0   0]
 [  0   0   1   0   0   1  37   0   0   0   0   0   0]
 [  0   0   2   2   0   2  18   0  13   0   1   0   0]
 [  0   0   0   0   0   0   0   0   0  96   0   0   0]
 [  3   0   0   2   0   9   2   0   0   0  70  14   0]
 [  0   0   0   2   0   0   0   0   0   0  64  34   0]
 [  0   0   1   0   0   1   0   0   0   0   0   0  36]]
best clf: SVC(C=100, cache_size=200, class_weight=None, coef0=0.0,
    decision_function_shape='ovr', degree=3, gamma=0.01, kernel='rbf',
    max_iter=-1, probability=False, random_state=None, shrinking=True,
    tol=0.001, verbose=False)


3 sensors, 6 features

KNN
Accuracy:  0.7562380038387716
[[ 40   7   1   1   0   0   0   0   0   0   4   4   0]
 [  5  51   0   1   0   0   0   0   0   0   0   0   0]
 [  0   4  47   1   0   0   2   1   0   0   1   1   0]
 [  1   1   2  78   7   7   2   0   0   0   0   1   0]
 [  0   0   1  10  32   7   2   4   0   0   0   1   0]
 [  2   0   1  12  25  34   7   2   1   0   0   1   0]
 [  0   0   2   1   3   7 197   6   3   0   0   0   0]
 [  0   0   1   0   0   0  13  23   2   0   0   0   0]
 [  0   0   0   1   1   1   7   1  26   0   1   0   0]
 [  0   0   0   0   0   0   0   0   0  96   0   0   0]
 [  2   0   0   3   1   6   3   0   0   0  68  17   0]
 [  2   0   2   1   0   0   0   0   0   0  36  59   0]
 [  0   0   0   0   0   0   1   0   0   0   0   0  37]]

SVM
Accuracy:  0.7802303262955854
[[ 46   4   1   1   0   0   0   0   0   0   3   2   0]
 [  6  51   0   0   0   0   0   0   0   0   0   0   0]
 [  1   3  48   1   1   0   1   0   0   0   1   1   0]
 [  2   0   2  83   3   8   0   0   0   0   1   0   0]
 [  0   0   3   7  36   9   1   1   0   0   0   0   0]
 [  0   1   2   6  23  46   5   0   1   0   0   1   0]
 [  0   0   2   1   1   7 199   6   3   0   0   0   0]
 [  0   0   1   0   0   0  11  25   2   0   0   0   0]
 [  0   0   1   0   1   3   7   2  24   0   0   0   0]
 [  0   0   0   0   0   0   0   0   0  96   0   0   0]
 [  3   0   0   2   1   8   2   0   0   0  73  11   0]
 [  1   0   0   1   0   0   0   0   0   0  47  51   0]
 [  1   0   1   0   0   0   1   0   0   0   0   0  35]]
best clf: SVC(C=10, cache_size=200, class_weight=None, coef0=0.0,
    decision_function_shape='ovr', degree=3, gamma=0.1, kernel='rbf',
    max_iter=-1, probability=False, random_state=None, shrinking=True,
    tol=0.001, verbose=False)

24 sensors, 3 features

KNN
Accuracy:  0.9222648752399232
[[ 57   0   0   0   0   0   0   0   0   0   0   0   0]
 [  0  57   0   0   0   0   0   0   0   0   0   0   0]
 [  0   0  56   1   0   0   0   0   0   0   0   0   0]
 [  0   0   2  96   1   0   0   0   0   0   0   0   0]
 [  0   0   1   1  47   5   1   1   1   0   0   0   0]
 [  0   0   0   1  16  67   0   1   0   0   0   0   0]
 [  0   0   2   0   3   1 211   1   0   0   1   0   0]
 [  0   0   1   0   0   0   2  35   0   0   0   1   0]
 [  0   0   0   0   0   1   2   0  35   0   0   0   0]
 [  0   0   0   0   0   0   0   0   1  95   0   0   0]
 [  0   0   0   0   0   1   0   0   0   0  82  17   0]
 [  0   0   0   0   0   0   1   0   1   0  12  86   0]
 [  0   0   0   0   0   1   0   0   0   0   0   0  37]]

SVM
Accuracy:  0.9309021113243762
[[ 57   0   0   0   0   0   0   0   0   0   0   0   0]
 [  0  57   0   0   0   0   0   0   0   0   0   0   0]
 [  0   0  57   0   0   0   0   0   0   0   0   0   0]
 [  0   0   1  96   1   1   0   0   0   0   0   0   0]
 [  0   0   1   1  47   8   0   0   0   0   0   0   0]
 [  0   0   0   1   7  77   0   0   0   0   0   0   0]
 [  0   0   2   0   3   4 210   0   0   0   0   0   0]
 [  0   0   0   0   1   1   0  37   0   0   0   0   0]
 [  0   0   0   0   0   2   0   0  36   0   0   0   0]
 [  0   0   0   0   0   1   0   0   0  95   0   0   0]
 [  0   0   0   0   0   3   0   0   0   0  84  13   0]
 [  0   0   0   0   0   2   0   0   0   0  17  81   0]
 [  0   0   0   0   0   2   0   0   0   0   0   0  36]]
best clf: SVC(C=10, cache_size=200, class_weight=None, coef0=0.0,
    decision_function_shape='ovr', degree=3, gamma=0.01, kernel='rbf',
    max_iter=-1, probability=False, random_state=None, shrinking=True,
    tol=0.001, verbose=False)

24 sensors, 6 features

KNN
Accuracy:  0.9126679462571977
[[ 52   1   2   2   0   0   0   0   0   0   0   0   0]
 [  0  57   0   0   0   0   0   0   0   0   0   0   0]
 [  3   0  52   2   0   0   0   0   0   0   0   0   0]
 [  0   0   3  96   0   0   0   0   0   0   0   0   0]
 [  0   0   1   2  49   5   0   0   0   0   0   0   0]
 [  0   0   0   2  22  58   1   2   0   0   0   0   0]
 [  0   0   0   1   5   1 212   0   0   0   0   0   0]
 [  0   0   1   0   0   0   1  36   0   0   0   1   0]
 [  0   0   0   0   0   1   1   0  36   0   0   0   0]
 [  0   0   0   0   0   0   0   0   0  96   0   0   0]
 [  0   0   0   0   0   1   0   0   0   0  86  13   0]
 [  0   0   0   0   0   0   1   0   1   0  14  84   0]
 [  0   0   0   0   0   0   1   0   0   0   0   0  37]]

SVM
Accuracy:  0.9452975047984645
[[ 56   0   0   1   0   0   0   0   0   0   0   0   0]
 [  0  57   0   0   0   0   0   0   0   0   0   0   0]
 [  0   0  57   0   0   0   0   0   0   0   0   0   0]
 [  0   0   2  95   1   1   0   0   0   0   0   0   0]
 [  0   0   1   2  48   6   0   0   0   0   0   0   0]
 [  0   0   0   1   8  76   0   0   0   0   0   0   0]
 [  0   0   2   0   4   2 210   0   1   0   0   0   0]
 [  0   0   1   0   0   0   0  38   0   0   0   0   0]
 [  1   0   0   0   0   1   0   0  36   0   0   0   0]
 [  0   0   0   0   0   0   1   0   0  95   0   0   0]
 [  0   0   1   0   0   2   0   0   0   0  88   9   0]
 [  0   0   1   0   0   1   0   0   0   0   6  92   0]
 [  0   1   0   0   0   0   0   0   0   0   0   0  37]]